1495
Kills: 4
Time: 21.59205
1496
Kills: 22
Time: 31.64955
1497
Kills: 24
Time: 46.88677
1498
Kills: 50
Time: 55.37048
